College Algebra Homework Assignments

Jan 14  Section R.1 # 9,11,13,15,21,25,27,35
Jan 16  Section R.2 # 41,45,47,53,57,59,61,63,65,67
Jan 21  Section 1.1 # 9,11,17,25,27,37,45,51,57,69,87,97
Jan 26  Section 1.2 # 11,13,15,19,21,27,47,49,53,55,99,101,103,105,107
Jan 30  Section 1.3 # 9,11,17,19,23,25,27,31,33,35,47,49,55,57,59,61
Feb 2   Section 1.4 # 7,9,11,13,15,23,29,41,43,45,47,55,73,75,77,79,81
Feb 4   Section 1.5 # 11,13,15,53,55,57,59,61,63,65,67,69,71,73
Feb 6   Section 1.6 # 9,11,15,17,21,23,37,39,41,43,45,47,53,55,57
Feb 9   Section 1.7 # 7,11,13,17,19,21,23,25
Feb 11  Section 2.1 # 11,17,23,33,39,59
Feb 18  Section 2.2 # 13,15,19,23,25,27,31,41,43,45,49,55,57,59,65,71,
                      73,75,77,79,81
Feb 18  Section 2.3 # 9,11,15,21,25,31,35,39,47
Feb 23  Section 3.1 # 15,17,21,23,27,29,31,33,35,37,39,41,47,49,51,53,
                      55,59,63,65,69,87,91,93
Feb 27  Section 3.2 # 9,11,13,15,17,19,23,25
Mar 2   Section 3.3 # 11,13,15,17,19,21,23,25,27,29,31,33,35,37,41,43,
                      53,55,63,65
Mar 11  Section 3.4 # 25,27,29,33,35,41,43,47
Mar 11  Section 3.5 # 7,9,11,13,15,17,19,21,23,25,27,29
Mar 13  Section 4.3 # 11,13,15,17,23,25,27,29,31,33,35,37,45,53,55,57,
                      59,61,63,65,83,85,89
Mar 18  Section 4.4 # 3,7,9,15,19
Mar 18  Section 4.5 # 3,7,9,11,13,15,17,19,21,33,35
